x_min = -0.32726780493007823
x_max =  0.34308204391465863
y_min = -0.21174003670616093
y_max = 0.34308204391465863
z_min = 0.06800000000000003
z_max = 0.6532678049300782
